20641
20642
20643
27983
27987
37624
37625
37626
20658
20659
20709
32163
32164
32165
32166
32167
32170
32171
32172
34207
21656
21878
21879
1946
27962
27963
27964
27965
27966
37628
37629
21654
21655
21877
31069
21653
36873
36874
36875
35702
32162
32169
37407
33897
33901
32612
29866
21875
21876
30291
29869
1424
1425
1426
27961
25542
32160
32161
1433
28201
28202
1434
28133
28134
28135
28136
28137
1435
28139
28140
1436
27990
27991
27992
27993
40720
1437
27975
27976
27978
27981
36115
34017
29096
29097
29098
29159
29191
29202
29203
29204
1482
28101
28102
28103
28104
1483
28119
28121
28244
1485
1486
28106
28108
28110
1488
28112
28114
28118
40449
1511
31632
1490
40552
35325
1465
28245
1499
28576
28577
28578
28579
36621
36622
1500
1501
37467
37465
37466
1502
1505
1955
1509
34656
40772
1507
31977
31978
1510
1513
1481
1514
1515
1516
40451
1517
1518
27960
35447
4300
32273
33047
36801
29852
1512
29857
29899
30069
30070
39790
36666
1439
1441
16831
16837
16838
16839
36302
36303
1443
16843
1447
1448
16826
16828
40778
1449
16840
16915
1450
16821
16822
16823
1948
28574
16830
16833
16835
1951
1457
39452
39568
39569
39570
39855
1462
1468
1471
3530
3531
3532
3533
3534
3535
3536
3542
3544
3545
3547
3548
3566
927
1466
1469
1472
1473
40675
40676
40677
1479
1480
18630
20429
4289
1943
3561
3562
1452
16847
3570
3571
4290
3576
40131
35807
35809
29864
29865
36137
36138
36139
36140
36141
36142
36143
36144
36145
36146
36147
37437
37438
36542
37650
39297
40363
37651
39300
40367
37652
39292
40358
37654
39298
40364
37655
39299
40365
39309
40063
40064
40065
1460
1463
1464
39519
39520
21044
242
29504
29505
29512
279
21042
30999
31169
24749
261
24750
24751
34103
34104
37923
29218
29503
34057
34058
34059
34060
38541
204
27887
27889
27890
27891
27892
205
27883
27884
27885
27886
31166
36477
36478
226
38750
227
228
230
207
200
27903
27904
40059
203
27894
27895
267
31172
27253
27933
27254
27897
206
27926
27927
209
27913
27914
210
27905
39791
39792
27906
27907
27908
27909
213
215
27918
27919
27920
27921
27922
216
27928
27929
27930
225
229
201
39211
39261
4315
789
937
1807
27969
27970
27971
21799
218
27988
27997
27999
28000
28001
28002
221
27995
27996
28010
222
28695
28697
28698
28699
28700
223
220
27972
27973
27974
39210
27985
27986
224
28012
28013
28014
27968
31173
236
24744
24752
24753
24767
249
34652
38865
39266
39267
237
24745
24746
24747
39336
24763
34950
25003
31029
496
24754
24755
24756
24757
29795
29796
1802
272
278
38539
274
24768
31171
275
24739
269
273
133
134
135
136
137
138
251
255
256
38955
257
259
264
24764
24765
254
31151
31155
31165
31170
37750
235
244
39824
39825
240
24766
24748
31135
29233
30563
30564
241
24899
21890
31136
30566
30565
30567
24873
21889
21893
31857
31185
31187
31186
271
1801
108
39661
21045
21046
37786
21047
21048
21049
21050
34069
31000
37656
37657
37658
37787
155
157
158
37156
293
294
31141
31160
31161
31164
39780
29234
298
31150
40579
39775
39776
39777
39778
39779
39781
39782
295
36217
29437
29438
252
27340
29092
29093
29094
29232
24741
31148
31174
31149
24742
24743
31163
31177
29231
30556
30557
30558
30559
30607
30608
34946
34948
39349
253
27533
27534
27535
27536
27537
246
24769
250
39822
39823
39826
25508
36218
31140
283
30560
30561
30562
35145
35146
35814
35147
31143
31184
36555
38728
1813
285
284
286
287
288
289
1662
31431
281
32759
32761
32762
35394
40683
290
291
31157
34653
40682
31145
31146
32757
31147
31152
31168
32768
32769
31162
31167
32766
31178
33903
33904
33905
30680
33906
37474
37585
37586
37587
37588
1784
1785
38679
39880
39881
1834
35588
35589
38680
27736
27738
27739
27740
27742
27743
27744
27745
34647
27756
27757
1417
27758
27759
33063
33390
35457
17
19
33292
1705
20730
20733
21112
32643
33820
33872
33871
33879
32560
34646
3467
3468
36266
36267
36268
36270
3469
1842
24879
24880
24881
24882
24883
33196
24862
24863
24865
24866
24867
24869
24870
37596
37598
37600
24874
24876
24878
24875
56
24857
24860
24861
31128
37593
38270
60
24886
24888
24889
65
24843
24844
24845
24846
24847
24848
24849
24851
24853
24854
24855
24856
36249
36250
24890
24891
24892
24893
24894
1848
1849
1850
1851
1852
1853
1854
1856
1858
1859
40902
38678
86
1860
1861
1862
1868
61
62
25
21
36969
36970
36971
36972
36973
36974
36975
36976
22
23
24
36826
36827
36828
36829
36830
36831
36832
36833
36834
36835
36836
36837
24332
35401
38233
38252
38254
38255
38256
38257
38258
36003
28798
36028
36004
36029
36030
36031
36033
36035
36036
36037
36038
36005
36012
36013
36014
36015
36016
36007
36017
36018
36008
36010
36009
28941
36020
36021
36022
36023
36337
36193
37728
38637
38638
38639
1844
33053
33054
33055
33056
33057
33058
33760
48
49
50
27762
27763
27764
29513
31137
32611
51
34587
52
54
27032
69
71
72
73
4292
31452
31453
31454
37907
37908
37909
33759
27451
27539
40909
40910
84
85
40912
100
28950
28951
28952
1836
1837
28861
28862
28863
28864
28865
28866
105
106
109
29961
28867
28868
28869
28870
28871
28872
28873
28874
111
112
25008
27468
27469
27470
27471
27472
27473
30303
29181
36209
28940
32257
30065
32339
24732
24733
24735
24775
24776
24777
24778
24779
24781
24783
34662
34663
34665
34666
34668
34669
34670
34671
34672
34673
34674
34675
33873
33874
33876
33877
40808
40809
40810
40811
40812
40813
40814
40815
40816
40817
40818
40819
24803
24804
24806
24808
24949
35406
33163
31826
88
1839
24901
35072
35073
38157
25007
31139
89
91
92
39214
39215
39216
39217
90
93
28944
28945
28946
28947
28948
37435
39212
39262
39263
39264
39265
94
39864
96
39852
39853
99
102
1470
1838
28949
31138
104
36581
36589
36600
39856
33818
33819
36095
31838
37924
38192
38194
38195
38674
38675
39594
34645
35290
35291
36252
36253
36254
36838
36839
36840
36841
37428
39595
39596
39597
40341
40681
29168
31791
31792
31794
31795
40947
29169
31804
31805
31806
40789
29170
31810
31811
31812
31813
31815
31753
31796
31797
31798
31799
31801
31802
40790
40791
40792
40793
32396
40952
32675
40784
40785
32686
10
16792
12
13
14
1845
20110
29161
29162
29798
29799
29800
29802
29901
29909
37252
37253
37254
37255
37256
37257
37258
37259
40580
40581
40582
40583
40584
40585
40586
40588
40589
40590
40633
40634
31243
38160
38161
38170
9
37272
4
1846
5
7
33
34
32
39
40
43
44
41
42
35
36
37
45
46
31611
40905
40906
31613
40904
971
973
946
981
32201
33954
37792
37793
35022
35023
35024
40343
36932
36933
36934
36935
36937
1026
1028
1883
1029
1030
1031
1032
1033
1036
1040
1041
25587
25588
1043
21744
21745
21746
21747
21748
1044
21742
24915
32698
32700
32702
32703
34204
36220
1035
32810
32811
32812
1046
1047
1054
30839
30840
1048
1053
30821
30822
30823
30824
30825
30826
30827
1049
30828
1050
30831
30832
30833
30834
1052
30841
30842
30843
30846
30848
1055
30854
30855
30884
1056
31238
1057
1058
1059
30829
30817
30830
30818
30819
30849
30850
30851
30852
30853
30858
31073
31078
31083
31088
31093
31098
31103
31109
31114
30859
31075
31080
31085
31090
31095
31100
31111
31116
30860
31071
31076
31081
31086
31096
31112
30861
31074
31079
31084
31089
31094
31099
31115
30862
31072
31077
31082
31087
31107
31113
38457
1061
1062
1063
1064
1066
1067
1068
1069
29511
38616
1070
1071
1072
1073
1074
1075
1077
1078
1079
1080
1081
1082
1093
1095
29458
39528
29370
29371
29390
29391
29392
29393
29394
29372
32794
36653
36654
36655
36656
1084
29427
29428
29429
29430
1087
1089
1899
1085
32805
39868
40418
32806
39866
39867
39882
40550
40417
1092
1097
27354
27355
1098
1100
1101
1102
27771
27341
27345
27346
27347
29103
29104
27357
27360
38587
27342
27344
27348
27349
27358
27359
27770
27773
27774
28252
40598
27356
27823
27824
27826
27827
27828
29105
27829
27838
27839
27840
27841
29107
27835
27850
27851
27853
27836
27846
27847
27848
27849
29126
29130
29142
29143
27361
27830
27862
27863
27864
27865
27831
27870
27871
27872
27873
27837
27866
27867
27868
27869
29128
29131
29140
29141
35021
27834
27842
27843
27844
27845
29125
34996
34998
35000
35001
35002
35006
35008
35009
35010
35011
35012
35013
35014
32639
32642
38214
38225
39529
35015
27832
27854
27855
27856
27833
27858
27859
27860
36221
38588
1019
16805
16806
16810
16811
16808
1885
38513
37507
38586
37071
1896
32807
40511
32808
39872
39873
32259
36884
36885
37329
37913
149
151
29690
29689
148
145
37508
38278
40631
40820
37490
37491
37492
38277
38275
38956
38957
38958
38959
38960
38961
1004
16783
16793
16794
16795
16797
16798
16800
16796
16799
16801
16802
16803
1886
1887
1889
31597
31598
31599
31600
31601
31602
31603
31604
1890
1891
1893
1894
1895
995
1000
1001
998
999
36210
36215
36216
36219
996
36211
36212
36213
35590
33817
33813
33814
33815
33816
32692
35216
32795
32796
32797
32798
32799
36223
32694
35459
32800
32801
32802
32803
32804
32695
32696
32697
32699
35441
1550
21589
21610
21611
21612
28924
28953
28954
28955
28956
21613
21614
1530
1531
1532
28100
28060
1533
21597
21598
21599
24691
1535
21590
21592
21651
1542
21593
21594
21595
1544
21591
21585
21586
21587
21588
25586
31822
31823
31825
31456
3421
24692
24693
29217
39353
3423
3424
37861
38217
39794
39795
4291
29457
21636
21638
21659
1543
24900
31840
869
21633
21634
21635
24908
33068
1534
21650
3430
3431
3432
1578
21637
29343
30763
30764
33499
33500
33509
33513
33515
3368
24526
3465
24527
24529
24530
24531
24532
24534
1907
24560
3464
24559
3466
1583
24499
24500
28011
1584
1585
32292
1586
24496
24497
24498
3457
1587
1660
1667
24503
24504
24505
3455
3459
24501
24502
3456
3458
1590
1591
1592
31622
24694
24695
24696
439
1594
24698
24699
24700
38950
1595
1597
1656
1598
37502
37503
37504
1065
32620
32616
32619
32623
32625
1613
35944
38740
38742
1615
1616
1617
37877
24562
37434
37436
24705
24706
24707
37878
37885
1327
24708
1039
24709
24379
2089
1600
1602
1603
1606
1925
1605
35399
1608
28857
39750
39751
39752
39912
40450
31032
1620
1619
24720
3443
3444
3445
3446
3447
1621
1622
1623
1624
37440
37441
37442
37443
37444
37445
37447
37449
37450
37468
37469
37499
37579
37580
37581
37582
37583
37584
37589
37753
24377
21002
21003
21005
1626
1628
28017
1629
1630
1631
1636
21965
21964
31181
31182
31188
31033
1637
1638
29382
29417
1641
1642
24382
1635
1643
1644
24563
1350
25004
25005
25006
21966
21967
24475
1640
24386
24387
24388
24389
1648
28901
28902
1649
1650
32888
36329
1651
39348
40929
1652
28893
30773
30774
31618
28894
28895
28896
28897
31118
31119
28899
28905
28906
28900
28903
28904
1733
1927
1928
31035
31051
1929
24772
31050
31052
24481
24483
38979
38980
38981
20774
20775
20776
20777
20778
20779
20780
24489
24490
24491
24492
1559
29215
1563
31036
31038
31039
31040
31041
31117
24511
24512
24513
24514
24515
24516
24517
2062
24701
24702
24703
24704
39590
30806
29198
37853
37854
37855
37856
36646
29199
31062
1555
24413
24414
24415
24416
24417
24418
24419
31566
31567
31591
1556
24409
24410
31564
1557
1562
24411
24412
24426
24420
24421
39286
24423
24428
24424
24425
24427
24376
1554
1558
32921
1666
31290
31291
31292
31293
1671
24407
24408
3462
3463
18629
24398
24399
24400
1930
24401
24403
24404
24405
24406
40916
24429
24430
24431
24444
24432
24433
24434
20853
1570
1571
1572
33510
33511
33508
24544
30587
1664
24477
24478
24479
1545
1546
1547
1548
24535
24536
27398
27594
27595
27596
27597
27599
27601
1579
24551
24552
24553
24554
24555
27462
1941
27465
27466
1942
34861
27399
27540
1674
1680
28939
1932
1682
1683
28015
1937
20391
20392
20393
20394
37538
27402
34153
38793
38794
38795
27403
27457
37752
38692
38693
37545
37546
1702
31846
1704
27396
27397
27395
27452
33946
33947
1938
29546
29549
37557
37549
37558
37575
37576
37559
37577
37578
37560
37565
37566
37567
37561
37562
37563
39841
40315
40316
40317
27445
27448
27449
27504
1684
20401
27464
24540
24541
24542
24543
36658
36659
36660
36661
36662
36663
36824
36865
36866
40644
1999
1933
1110
32183
32184
32031
32032
30745
30746
29113
29477
32876
39323
36161
36163
36230
36231
29114
29115
33039
1120
24546
24547
24548
1566
1567
1568
1569
1632
1634
24689
24690
36280
36281
36283
36284
1134
1135
1138
30747
32266
1964
1136
1137
32264
32265
1213
35164
35165
35184
1214
35166
35167
1218
35186
35187
35188
35189
1220
1222
35168
35169
1221
35170
35171
35172
35173
35174
35175
39327
1967
40827
34721
35283
37509
20753
2004
35160
2005
35161
30371
35162
35163
1204
2006
37949
1205
2007
2008
2009
2010
20627
28004
20628
20632
1226
1974
1977
20636
20637
29245
29389
38158
40807
34081
34082
34083
34084
37273
1196
20674
20676
20677
20678
20692
30369
1197
20687
20688
1199
20685
1970
29132
37432
20661
20662
20664
20675
20665
20666
20680
30370
20663
20695
20696
20697
20698
30373
30374
30375
30376
30377
37852
20668
20701
20702
20703
20704
30378
30379
20671
20672
20700
1966
1972
20749
20760
20761
20762
20763
20750
20764
20765
20766
20751
20768
20769
20770
20752
20771
20772
20773
20754
20755
20756
20757
1236
20836
20837
1237
1238
20838
1239
1240
20839
1242
1973
3357
3358
3359
3360
20787
1324
1987
1988
1989
1328
1355
30731
30732
30733
3428
18555
36537
1994
1995
28822
28825
28826
28827
28828
28830
28834
28835
28831
28836
28837
28832
28838
28839
28833
28840
28841
27541
27542
27543
31585
31190
31191
31192
31193
31194
31196
31197
31199
31200
31203
31206
31207
31208
31209
31210
31211
31213
31307
31308
31309
31310
31313
31314
31315
31316
31317
31318
31321
31322
31554
35284
39893
39894
40416
40420
40422
40425
38797
38798
40431
32289
37827
30741
30743
30744
36168
1353
36172
1985
1322
1323
27544
27559
27560
27561
30735
27545
30736
30737
27546
33743
33744
33749
33750
36788
36790
36791
36792
40678
38913
38914
39165
39166
39167
39168
39170
39171
39172
39173
39175
39176
39177
39179
39180
39182
39183
39186
39187
39188
39189
1940
39313
39314
1990
16929
1991
27558
30738
30739
30740
32606
32607
32667
33732
33733
33734
33735
33736
33737
33791
39593
27454
27455
27557
27562
33634
33916
38645
38646
38647
38648
38649
1113
32168
32173
32177
32189
1114
31992
31993
1122
1123
1124
1998
24995
24997
24998
32007
1309
1965
24996
31991
32009
32362
32363
32364
35387
1105
2015
30749
32178
32179
32180
32181
1121
18
32011
32012
2014
29182
29183
29184
29185
32018
32020
32021
32022
32023
32024
32025
32026
32027
32028
32295
32296
32297
34609
34610
34611
34683
20125
36957
34109
30316
380
30309
30311
30313
381
382
383
401
386
387
384
30305
36566
36567
36568
36569
36570
36571
36576
37225
37281
37470
37679
39310
39311
37681
39312
38105
27623
27635
40294
2024
2026
394
395
396
389
390
392
28618
28619
34809
34810
34811
34812
34814
34815
28621
24577
24579
28592
28595
28596
24582
28607
36967
407
408
410
28669
28670
28671
28672
28673
412
28668
416
28616
417
420
421
28675
422
423
28674
425
27450
35684
35685
35686
35687
35688
35849
424
37805
37807
37808
37809
37810
37811
426
427
428
435
28676
436
28678
36965
28679
36958
28680
437
2025
438
440
40890
40898
40899
40900
40901
40922
1797
29533
30077
30078
30080
30081
30082
35148
590
24352
30074
30075
24353
29492
24354
29493
29494
29495
29518
30116
30117
40239
462
29497
30118
29498
29499
29500
29491
29496
29502
29510
29670
32368
32370
32374
32375
32388
34226
34227
34228
34229
34230
34231
34232
34233
34312
34521
34628
35594
35604
442
1792
1795
1798
29517
29531
29515
29516
470
446
29480
29483
29484
31563
31565
29485
29486
29487
29489
32628
36783
37285
37286
37287
37288
37289
448
29490
449
454
473
474
29077
29078
29079
29080
36959
29081
34056
38155
475
29743
29746
29747
29748
29750
29751
29752
29753
29754
29755
29756
29757
29758
36968
29759
29745
29760
29761
29762
29764
29765
29766
29767
29769
29770
29771
29772
29773
29774
29775
29776
29777
29778
29779
29780
29781
29793
29783
483
484
28208
28209
29785
29826
29827
34882
34884
34891
34892
34893
489
20126
490
491
493
495
497
485
30352
34906
34907
2020
27910
29936
29937
29938
29939
29940
29941
29942
29944
29945
29946
29947
29948
29949
29950
29951
29953
503
29929
29930
29931
504
29932
29933
29911
32340
32341
32342
32343
29912
29919
29920
39152
29918
32344
32346
32347
29923
29924
29925
28070
28071
28072
28074
28076
28078
28084
33033
515
40803
28083
33853
35874
37683
36952
505
28910
28911
28913
28914
28915
29469
29470
29471
29472
29473
29474
29475
29476
32713
32714
32715
32717
32706
32708
32709
32710
32711
36549
36550
36551
36552
36554
36563
2027
28760
28999
29001
29005
29007
29008
29012
29015
29016
29017
29018
29023
29024
29026
650
651
28759
652
653
654
28966
28967
34208
34618
34620
34621
39425
655
28973
34215
34623
34624
34625
656
28757
34626
29032
659
661
29065
29066
28965
28981
28982
28983
28989
28990
28991
28992
28993
28994
28995
29069
29070
29076
29014
29082
29083
29084
29086
24916
29040
28770
28771
28772
34635
34636
34642
34643
29025
29027
29028
29029
29030
29031
29033
29034
29035
29036
29037
29038
29039
34644
34216
640
28773
28774
28775
28776
642
29061
28781
28784
28785
28786
643
645
29064
28787
28788
646
28777
29051
29052
29053
29054
29055
28778
29042
29043
29045
29047
29048
29049
647
24918
28984
24919
28986
28987
24920
28988
24921
28769
28997
28998
29000
29002
29003
29004
29006
29009
29010
29011
34213
648
29056
29057
29058
28779
28780
657
29099
28761
28762
28763
28764
28960
28961
28962
28963
28964
34214
34631
34632
662
28765
34637
34640
28766
28767
28768
28968
28969
28970
28971
28972
28977
28978
664
666
36207
37476
40885
40886
40887
40888
40889
28850
2051
24347
24348
24349
24350
453
24335
24337
24338
24339
2052
39831
37701
24336
24342
24343
24344
24345
39575
39576
39577
39578
39655
39656
39657
39658
39659
39660
28612
36149
36150
36148
36151
572
573
551
571
28625
28626
28627
35963
35964
28628
28629
28630
28631
39466
28580
35969
35971
28582
35972
35973
28583
28584
28585
28587
560
28589
28590
35974
561
28588
29843
35965
35966
35967
566
28602
35959
35960
28605
28606
35982
28603
28604
35984
35985
35986
574
575
576
577
34243
34244
34245
36966
34246
34247
34248
34249
34250
34256
34257
34258
34259
36111
36112
581
582
27645
27727
583
547
28593
28594
28598
2032
35977
35979
35987
549
553
556
28620
28622
28623
520
38186
521
522
523
525
526
527
528
529
1258
1259
530
532
534
533
535
2021
537
538
539
540
30751
30752
30754
30755
30756
30757
30758
31214
542
543
38741
545
29238
29239
29240
29241
29242
2042
27944
602
603
27939
27942
596
27940
27941
27943
594
27934
27936
27937
33854
595
597
29180
599
27945
37917
27619
27620
27621
40285
40286
36954
36955
40181
40182
40283
40284
605
608
27614
27615
27616
27639
40179
609
610
27622
27625
27626
27627
27630
27636
27637
27947
34025
37404
40178
27618
40180
40234
40235
40236
40237
40338
2018
29716
29717
29718
29719
29720
29721
29722
29725
29726
29727
29728
29729
29730
35873
36279
623
626
29731
29737
29741
29742
37300
30673
614
29732
29733
29734
29735
29736
627
631
35678
632
633
634
35611
35612
635
636
637
638
2031
2034
28634
29844
28635
28636
28639
32275
32293
584
580
585
586
28211
688
28214
28226
28217
28228
28229
28231
28233
28234
28235
28237
28240
28241
28243
676
677
678
679
681
28224
34210
34211
34212
28225
682
28218
28220
28222
684
28219
28221
28223
36945
36946
36947
36948
36950
690
28213
30356
30357
36953
33945
33031
33242
36987
691
692
28075
28077
28080
671
669
28091
28092
672
28066
28067
28068
28069
668
670
673
674
28088
28089
28090
35599
28733
28734
40508
28737
28738
28739
28740
28742
28806
28807
28808
28809
391
28744
28745
28689
28690
28692
28691
28693
28732
512
27951
27952
27953
33032
39579
518
27956
27957
27958
33034
24564
24565
24566
24567
24587
24573
432
2023
480
513
27954
27955
783
792
797
34846
34847
36825
35392
38525
38526
38572
38576
38607
38615
38650
38651
38653
39850
39863
696
39666
39667
698
699
700
701
702
703
704
31030
31031
706
707
708
709
710
33784
711
713
714
715
716
717
718
30100
30102
30103
31179
37409
725
726
727
728
729
730
731
732
733
734
30998
736
737
738
740
741
742
36291
1389
39346
39877
39257
39343
39344
39885
39886
39193
39345
39884
39887
40393
40396
40397
36591
38512
39190
39256
1900
30113
30114
755
28016
756
33384
33385
35334
35335
24484
24485
24486
24487
30106
30171
30172
30582
744
745
35415
943
746
3395
3396
749
30166
30167
30168
30169
33065
750
30164
30165
751
39318
770
771
773
774
775
777
778
31129
31130
31131
34101
39896
39897
39898
31132
31133
31134
779
780
791
793
28855
33858
33859
33860
33861
33382
3410
3411
33383
3412
3413
794
795
796
33783
33864
35581
35582
799
3414
3415
36510
36511
36513
36515
1575
24538
3409
33881
3407
29342
29439
29440
29441
29442
39827
798
3408
800
801
802
35391
36538
1903
24588
24590
24591
24595
24597
24598
24599
24600
30810
24574
24575
24576
835
24616
24793
21640
817
27033
27034
34074
34075
806
31734
31818
31819
31820
810
811
24602
40026
40040
24603
24604
24607
24608
24609
24610
24611
24612
24613
24614
24615
3367
812
24593
24594
24596
24601
818
24617
24618
24619
24620
24621
24622
24623
24624
24625
24626
820
31635
821
24722
31731
37574
39665
822
823
824
825
827
828
36667
829
24586
830
831
40796
833
24583
24584
834
3365
3366
836
24578
30099
36905
31732
34588
34629
838
38872
34828
837
839
34829
807
808
35446
40645
815
814
37455
37456
37457
18393
39328
36255
36263
36264
36593
38026
776
841
842
18394
18395
18396
18397
18401
18398
18406
18413
21036
18414
31751
31752
36256
18415
18416
33381
18417
31638
37411
18418
18419
33793
36592
3355
31866
33389
30896
30897
30898
30899
30900
30901
30902
30903
30904
30905
30906
30907
30908
857
843
3377
3378
3379
32882
32883
32887
21037
3380
3381
36259
36594
36886
37265
38548
844
856
3577
40340
3373
3374
3375
36258
33794
36262
36289
36595
36596
36597
36887
21038
858
32880
32881
859
860
3384
31721
36257
36598
38766
3385
861
862
863
864
36000
21031
21032
21033
21051
21052
21053
34100
36859
21034
21035
1718
33862
33863
38642
1720
35800
35801
24721
32263
21030
21040
1715
31636
31637
24718
24719
39421
36901
38553
38555
38765
1717
39517
1722
1723
1724
1725
826
1721
35946
35947
3416
35940
35941
35942
35945
35943
3417
35948
35951
35952
35953
3420
35923
35924
35925
35932
35926
35927
35928
35933
35929
35935
35936
35937
35930
35931
35938
35939
38764
36842
40804
36843
36844
36845
29352
29353
29354
29355
29357
29358
31640
31641
21029
29359
29360
29361
29362
30089
30090
30091
30092
30093
33066
30145
32043
32044
30146
24628
24630
24631
24632
24633
24635
24636
24637
24638
27049
28247
28248
28250
28251
117
38017
38018
38020
123
38092
38093
38094
125
126
38014
38015
38016
129
38010
38011
38012
38013
131
1811
1812
175
176
177
180
181
182
184
128
1458
38097
38099
38100
185
186
187
188
189
190
191
193
194
195
196
197
3525
162
169
1814
1726
1815
1816
1728
1729
120
37974
37980
37981
37975
37976
38032
37997
37999
38000
38001
37978
37982
37979
37991
37995
37996
37993
38002
38003
36237
18325
18691
18692
18693
36186
36187
36188
36189
36322
127
130
308
309
1366
1368
31871
31872
31873
31874
31875
1367
1369
1370
1371
1372
1132
1380
1384
29172
29173
29174
34681
34657
1381
1382
1385
29186
29187
29188
29189
29190
34679
34680
34719
34720
1376
1387
1391
3470
1392
1393
1394
21039
1398
20123
38510
38511
1399
2017
29134
29135
29136
37615
1402
33141
33143
1403
29396
29397
29401
1404
37145
1405
1406
33144
1408
29171
29406
33977
31175
33867
33868
33870
39417
1409
29165
31142
33869
38210
38274
38447
1410
1411
33855
33856
29399
628
38571
1412
1413
1414
29395
36265
36604
36605
36606
36607
36608
36609
36610
36611
36623
40564
40565
40566
40567
606
34320
34321
34322
1915
36794
37571
37573
38218
1840
20747
29846
29847
29848
29849
29851
29853
29894
28702
28703
28704
28705
24829
24831
29856
29860
29861
29895
24832
24833
24835
24836
29891
29892
29893
30590
29858
29859
29862
82
29871
24834
29873
29874
29875
29876
29877
29878
29879
29880
29881
29882
29883
29884
29885
29886
29887
33943
29888
29889
76
77
79
28916
1910
883
885
28918
900
32155
32156
32157
32246
32247
32248
32249
34696
873
1911
21795
876
874
1913
21796
21797
21798
32198
879
32151
32152
32199
32367
881
886
887
33310
33311
33312
32770
32787
892
893
894
895
897
898
899
901
983
32718
32719
984
985
986
31836
31837
29453
29454
29455
29456
35419
987
33368
33377
29449
29450
29451
29452
32082
32855
32856
32857
32858
32859
32860
34149
34150
32083
32851
32852
32853
32854
34152
34157
32085
32861
32862
34158
34159
32097
34162
34163
32103
32865
32104
32863
32864
32109
32112
32866
34185
32113
34184
32116
34165
32121
32203
32188
32147
32148
32149
33339
37914
32652
880
888
36906
37231
37232
37233
37234
37235
37236
37237
37238
37239
37240
37241
37242
37243
37244
37245
1914
28688
28919
33253
33255
33257
33258
33370
33259
33520
33260
33341
33342
33367
33495
33261
33391
33392
33496
33266
33321
903
905
33264
33322
33050
33323
906
907
29696
29349
35780
33267
33369
908
909
33340
911
912
29345
29346
29347
914
958
32235
33343
36795
990
21689
21690
21731
1298
39668
39669
32681
32682
32683
989
1963
1383
24774
32251
32252
32253
32254
32270
35995
35996
35997
35998
35999
36039
36040
36041
35226
25567
25575
1902
25579
25580
25576
25577
787
25581
25582
25583
25584
941
28212
32239
32240
32241
32242
942
944
35416
947
948
950
952
953
956
957
1921
959
961
964
1920
965
966
967
974
975
976
977
36889
979
36890
867
24902
24903
24905
24906
24907
24926
816
917
24910
24904
24911
24912
24913
24914
39766
29146
37951
37952
34995
1918
34139
34140
34141
34142
34143
34144
34145
35220
35221
929
35222
32237
35223
29147
35224
35225
1820
27116
27117
30530
30531
28253
328
30527
30528
30529
329
30510
30511
30513
330
30516
331
30514
30515
332
30533
30534
30536
334
28575
30520
30521
3346
335
339
340
336
337
338
327
30525
39913
1821
1822
367
16816
19905
19906
35405
1831
20403
27563
34117
34119
34120
38205
38206
373
1580
24549
24550
28242
37925
37926
37928
37931
37932
37933
37934
37935
37936
38077
38079
38082
38085
38087
38088
360
361
366
27564
32635
375
32637
32638
39851
40060
40061
40062
27876
27878
27880
27881
27882
32688
32689
34031
33825
27409
28175
28176
27410
27923
27924
27925
27411
28177
28178
28179
27916
28126
27412
28172
28173
27413
28193
28194
27417
28184
28185
27415
28115
28117
27414
28190
28191
27425
28151
28152
27426
28169
28170
27423
28157
28158
27418
28160
28161
27419
27875
27877
27422
28187
28188
27917
28148
28149
31746
31747
27915
28167
36578
36579
37472
37473
28851
28852
28853
28854
29463
29464
29465
29466
28570
28571
30539
31251
31252
31253
28572
28573
39949
31060
324
19910
19911
19912
19913
19914
40928
325
19907
19908
19909
1824
1825
1826
1828
1829
29425
29409
29410
20852
33052
32630
32631
32632
32633
32634
345
1142
37175
37176
1143
37177
1960
37178
1157
28107
28109
28111
1159
121
1959
28130
28131
28040
38359
38357
38358
20119
20120
20122
20121
40626
24710
28034
28035
28036
28037
28038
28039
38350
38351
24711
28041
28042
28043
28044
28045
28046
28047
38352
28049
28050
28051
28052
36928
38353
38354
28053
39522
28054
28055
28057
28058
28059
28061
28818
28062
32687
38355
38356
36046
36047
36048
36049
36050
36051
36052
36069
36071
36074
36075
36077
36080
36053
36055
36057
36059
36061
36063
36065
1248
1249
1250
1251
1252
1253
1254
1255
1256
1260
1261
31786
31787
1263
1265
1266
38609
124
1117
24827
27733
27734
27735
1268
1269
1271
37910
1273
1274
36309
1275
1276
919
1278
1280
1281
24462
24463
24464
24465
24466
24467
24468
1282
24469
24470
24471
1285
24391
24392
1288
1290
24396
24393
24394
1286
24474
1283
487
34856
34857
34858
1294
31556
39671
38103
39337
39338
39339
39601
39340
39341
1295
38397
38399
38400
38401
38402
1297
1299
1301
1302
39670
1303
312
39664
1791
1308
24652
24653
24649
39437
24650
24651
30820
39762
39763
39764
1165
1167
40386
40387
1958
40380
40381
40383
40384
40382
1182
1305
24654
24655
24656
1107
31997
24657
24658
40833
40835
40882
32176
1168
1183
1172
38583
38584
38585
40533
1173
39463
39464
39465
1175
1176
33142
38641
40553
40554
40712
1177
21679
1184
21728
38922
38923
38924
21683
38573
38574
38575
38613
40591
40639
21692
21693
21694
21733
1186
21777
21778
21779
1188
21784
21785
1189
21821
40337
21822
21734
40140
40141
40142
40143
40145
40166
40399
21735
21846
40146
40147
40149
21847
21848
21736
21739
1187
21740
591
24351
24355
21737
21738
40312
40313
40314
1306
1311
24643
24644
1313
1315
1316
2000
1310
24645
24646
24647
24648
31555
40066
24642
40436
20816
20402
21960
32299
32300
32302
32303
32304
27459
34606
34607
34661
38694
31880
31885
31886
31887
31888
31889
31890
31891
31881
31892
31893
31894
31895
31882
31883
31900
31884
31903
31905
31906
40897
31928
31929
31930
31951
31952
31953
31955
31956
31959
31960
31962
31964
34677
37744
38232
36006
33061
34819
34820
36024
36025
20398
20399
34604
34605
34125
21959
34129
34130
34131
34127
34134
31935
31936
31937
31939
37478
32305
32306
32308
32310
32311
36300
40573
40575
40577
32313
32314
32315
32316
32317
36292
36293
36294
40684
40685
40686
40687
40688
32319
32320
32321
32322
32323
29381
31934
31940
31941
31943
32352
40053
34154
32353
36308
27646
1128
32036
32037
1129
32039
32040
32041
29443
29694
29695
33790
31938
29387
29388
2046
604
1422
30295
36978
30289
29478
29444
29479
29414
29416
27458
365
31847
33294
35417
38545
34090
38542
38543
34091
34092
34178
33299
33300
33295
35418
34179
34183
33301
33302
33309
33296
33303
33297
33304
507
36942
36943
36944
33298
33851
33305
33306
33307
33308
38202
34261
34262
34264
34265
32671
32672
32673
32674
34792